('Apple', 0.60, 52, 0.2, 0.3, 10.4),
('Apricot', 1.00, 48, 0.4, 0.5, 9.7),
('Avocado', 2.00, 160, 15, 2, 9),
('Banana', 0.40, 90, 0.3, 1, 22.8),
('Cantaloupe', 0.70, 34, 0.1, 0.4, 8.1),
('Grapefruit', 0.70, 42, 0.1, 0.5, 9.6),
('Honeydew melon', 0.60, 36, 0.1, 0.4, 9.5),
('Kiwi', 1.20, 49, 0.5, 1, 10),
('Lemon', 0.50, 29, 0.1, 0.3, 9),
('Lime', 0.50, 17, 0.1, 0.1, 4.7),
('Mango', 1.00, 60, 0.5, 0.7, 16),
('Orange', 0.60, 47, 0.1, 0.8, 11.2),
('Papaya', 0.70, 43, 0.1, 0.5, 10.4),
('Peach', 0.80, 49, 0.3, 0.6, 9.7),
('Pear', 0.70, 57, 0.2, 0.4, 11.8),
('Pineapple', 0.80, 50, 0.1, 0.1, 13),
('Plum', 0.80, 47, 0.1, 0.4, 9.7),
('Raspberry', 1.50, 53, 0.7, 1.2, 9.3),
('Strawberries', 1.50, 33, 0.3, 0.7, 7.7),
('Watermelon', 0.50, 30, 0.2, 0.6, 7.5),
('Blackberry', 1.50, 49, 0.7, 1.2, 9),
('Blueberries', 1.50, 57, 0.4, 0.8, 10),
('Cherries', 1.00, 50, 0.2, 0.8, 12),
('Grapes', 1.20, 69, 0.3, 0.9, 15.4),
('Black pepper', 0.50, 25, 0.7, 2.3, 2.4),
('Chili powder', 1.00, 290, 10, 4.5, 20),
('Garlic powder', 1.00, 380, 14, 5, 27),
('Ginger powder', 1.20, 340, 11, 4.4, 23),
('Salt', 0.20, 0, 0, 0, 0),
('Sesame seeds', 1.50, 500, 30, 10, 23),
('Cinnamon powder', 1.00, 250, 8, 2, 17),
('Cumin powder', 1.00, 300, 10, 3.8, 23),
('Oregano', 1.50, 270, 10, 4.5, 19),
('Parsley', 1.50, 25, 0.3, 2.5, 3.7),
('Rosemary', 1.50, 180, 1, 2, 15),
('Thyme', 1.50, 130, 1, 1.5, 11),
('Sugar', 0.50, 400, 0, 0, 100),
('Honey', 2.00, 300, 0, 0, 81),
('Maple syrup', 2.50, 260, 0, 0, 53),
('Soy sauce', 1.00, 80, 1, 3, 6),
('BBQ sauce', 1.00, 80, 0, 2, 17),
('Teriyaki sauce', 1.50, 90, 0, 2, 18),
('Honey mustard sauce', 1.50, 70, 2, 2, 15),
('Mayonnaise', 1.00, 700, 70, 0, 0),
('Ketchup', 0.50, 100, 0, 0, 20),
('Mustard', 1.00, 60, 0, 0, 10),
('Vinegar', 0.50, 0, 0, 0, 0),
('Olive oil', 2.00, 880, 90, 0, 0),
('Peanut oil', 2.00, 880, 90, 0, 0),
('Fish sauce', 1.50, 80, 0, 4, 6),
('Hoisin sauce', 1.50, 100, 10, 2, 18),
('Gochujang', 2.00, 150, 10, 3, 18),
('Tuna', 3.99, 110, 1.0, 24.0, 0.0),
('Salmon', 10.99, 180, 10.0, 20.0, 0.0),
('Chicken', 3.99, 165, 3.6, 31.0, 0.0),
('Beef', 4.99, 227, 20.0, 22.0, 0.0),
('Pork', 5.99, 140, 5.5, 26.0, 0.0),
('Lamb', 7.99, 230, 15.0, 25.0, 0.0),
('Duck', 14.99, 190, 12.0, 15.0, 0.0),
('Crab', 10.99, 85, 0.5, 17.0, 0.0),
('Shrimp', 12.99, 90, 0.5, 18.0, 0.0),
('Squid', 10.99, 100, 1.0, 18.0, 0.0),
('Mussels', 4.99, 70, 1.0, 11.0, 0.0),
('Octopus', 12.99, 80, 0.5, 1.0, 0.0),
('Milk', 0.75, 60, 4, 3.2, 5),
('Yogurt', 1, 100, 5, 5, 5),
('Mozzarella Cheese', 3, 110, 10, 8, 1),
('Butter', 2, 71, 80, 0, 0),
('Cream cheese', 2, 330, 22, 25, 2),
('Ice cream', 3, 200, 15, 5, 25),
('Whipped cream', 4, 240, 20, 3, 6),
('Egg', 0.5, 77, 5.3, 6.2, 0.6),
('Black beans', 0.7, 240, 2.4, 8.9, 40.4),
('Rice', 0.5, 130, 0.7, 2.8, 28.7),
('Tofu', 1.0, 76, 4.8, 8.0, 1.9),
('Miso', 1.0, 40, 1.0, 6.0, 9.0),
('Potato', 0.50, 77, 0.1, 1.9, 19.1),
('Carrot', 0.60, 41, 0.2, 0.9, 9.6),
('Onion', 0.30, 40, 0.1, 1.1, 9.3),
('Tomato', 0.70, 18, 0.2, 0.9, 3.9),
('Garlic', 1.00, 14, 0.6, 0.5, 10.2),
('Spring onion', 0.40, 33, 0.1, 0.9, 5.8),
('Seaweed', 2.00, 5, 0.1, 0.5, 9.3),
('Almonds', 2.99, 576, 49, 21, 22),
('Peanut', 1.99, 567, 49.2, 25.8, 16.1),
('Spinach', 0.89, 23, 0.4, 3.6, 4.3),
('Asparagus', 1.99, 20, 0.4, 2.2, 4.2),
('Broccoli', 1.49, 34, 0.4, 2.8, 6.6),
('Cauliflower', 0.99, 25, 0.4, 2.4, 5.0),
('Cucumber', 0.49, 16, 0.1, 0.7, 3.6),
('Mushrooms', 1.99, 22, 1.5, 2.2, 3.2),
('Bell Pepper', 0.99, 29, 0.4, 1.2, 5.9),
('Bacon', 4.99, 500, 30.0, 25.0, 0.0),
('Cabbage', 0.99, 25, 0.2, 2.0, 4.8),
('Coconut Milk', 1.99, 230, 21.0, 2.4, 5.0),
('Corn', 0.39, 96, 1.9, 2.9, 21.4),
('Pomegranate', 2.99, 83, 0.4, 1.5, 15.3),
('Zucchini', 0.99, 25, 0.4, 1.2, 4.8),
('Basil', 1.99, 25, 0.4, 2.2, 2.8),
('Cilantro', 1.99, 23, 0.3, 1.7, 2.0),
('Pumpkin', 0.99, 26, 0.1, 1.5, 5.1),
('Celery', 0.99, 16, 0.3, 1.0, 2.9),
('Cheddar Cheese', 5.99, 408, 30.0, 25.0, 0.0),
('Lettuce', 0.99, 15, 0.1, 0.9, 2.4),
('Kimchi', 1.99, 23, 0.8, 2.5, 4.9),
('Bamboo shoot', 1.29, 20, 0.2, 1.2, 4.6),
('Sausage', 2.99, 280, 22, 12, 1.4),
('Clam', 3.99, 80, 1.6, 10.2, 2.2),
('Water', 0.99, 0, 0, 0, 0),
('Coca-Cola', 1.99, 140, 0, 0, 39),
('Wine', 12.99, 120, 0, 0, 4.7),
('Rice noodles', 0.79, 130, 0.4, 2.2, 28.1),
('Bread', 1.00, 265, 2.5, 4.8, 53.0),
('Vanilla extract', 3.00, 23, 0.1, 0.0, 0.0),
('Peas', 0.75, 80, 0.4, 5.3, 15.3),
('Dill', 0.25, 43, 0.9, 2.5, 7.1),
('Lemon Juice', 0.30, 22, 0.1, 0.4, 7.3),
('Smoked Salmon', 3.50, 195, 13.5, 20.5, 0.5),
('Peanut Butter', 2.50, 190, 16, 7, 6),
('Red Onion', 0.50, 40, 0.1, 1.1, 9),
('Caper', 1.00, 23, 0.9, 0.9, 3.4),
('Mint', 0.30, 70, 0.6, 3.3, 14.9),
('Balsamic Glaze', 3.00, 80, 0.1, 0.5, 18),
('Parmesan Cheese', 2.00, 431, 29, 38, 4),
('Green Beans', 1.20, 31, 0.1, 1.8, 6.9),
('Lemon Zest', 0.50, 29, 0.3, 1.1, 8.6),
('Brussels Sprouts', 1.50, 43, 0.3, 3.4, 8.9),
('Cherry Tomato', 0.30, 18, 0.2, 0.9, 3.9),
('Mozzarella Cheese', 2.50, 300, 22, 21, 2.2),
('Feta Cheese', 2.00, 264, 21.3, 14.2, 4.1),
('Bread Crumbs', 1.00, 405, 5.2, 13.3, 74.9),
('Nutmeg', 0.75, 525, 36.3, 5.8, 49.3),
('Tortilla Chips', 2.50, 152, 7.4, 2, 18.9),
('Baguette', 2.00, 270, 1, 7, 56),
('Dijon Mustard', 1.00, 66, 3.6, 3.6, 5.7),
('Old Bay Seasoning', 1.50, 0, 0, 0, 0),
('Heavy Cream', 3.00, 340, 36, 2.2, 3.4),
('Egg Noodles', 2.50, 211, 1.8, 8.1, 42.9),
('Chicken Broth', 1.50, 15, 0.2, 1.5, 1),
('Vegetable Broth', 1.50, 15, 0.1, 0.5, 2.9),
('Butternut Squash', 2.00, 45, 0.1, 1, 12),
('Cannellini Beans', 1.50, 333, 1.5, 21, 63),
('Pasta', 1.00, 200, 1, 7, 42),
('Curry Powder', 1.50, 325, 14.3, 13.9, 53.7),
('Leek', 1.00, 61, 0.2, 1.5, 14.2),
('Sticky Rice', 2.00, 150, 0.2, 2.7, 34),
('Ginseng', 5.00, 4, 0, 0.2, 1),
('Jujube', 1.00, 79, 0.2, 1.2, 20.2),
('Ginger', 0.50, 80, 0.9, 1.8, 17.8),
('Udon Noodles', 2.50, 143, 0.2, 3, 31.9),
('Fish Cake', 1.50, 77, 1.2, 6, 10),
('Dashi Broth', 1.00, 5, 0.1, 0.3, 1),
('Pulled Pork', 3.00, 250, 16, 25, 0),
('Arborio Rice', 2.00, 160, 0.5, 3, 36),
('Wood Ear Mushroom', 2.00, 7, 0.1, 1.5, 0.1),
('Glass Noodles', 1.50, 160, 0.2, 2, 40),
('Water Spinach', 1.00, 19, 0.2, 2.6, 2.7),
('Roasted Seaweed', 2.00, 10, 0.5, 1, 1),
('Bean Paste', 1.50, 100, 3, 5, 12),
('Jjajangmyeon Noodles', 2.50, 200, 1, 4, 42),
('Flour', 1.00, 364, 1.2, 10.3, 76.3),
('Cornstarch', 1.00, 381, 0.1, 0.3, 95.2),
('Vegetable Oil', 2.00, 240, 28, 0, 0),
('Cooking Instructions', 0, 0, 0, 0, 0),